GOAL FOUND!

Solution

(1,9) -> (1,9)
(1,9) -> (1,9)
(1,9) -> (1,9)
(1,9) -> (1,9)
(1,9) -> (1,8)
(1,8) -> (0,8)
(0,8) -> (1,7)
(1,7) -> (2,8)
(2,8) -> (3,7)
(3,7) -> (3,7)
(3,7) -> (4,6)
(4,6) -> (3,6)
(3,6) -> (4,6)
(4,6) -> (5,5)
(5,5) -> (6,4)
(6,4) -> (6,4)
(6,4) -> (6,4)
(6,4) -> (7,3)
(7,3) -> (7,3)
(7,3) -> (7,3)
(7,3) -> (8,2)
(8,2) -> (8,2)
(8,2) -> (8,2)
(8,2) -> (9,1)
(9,1) -> (9,1)
(9,1) -> (9,1)
(9,1) -> (10,0)

Board States

11000000000
12000000000
00000000000
00010000000
00001100000
00001010000
00000100000
00000000000
00000000000
00000000000
00000000000

11000000000
12000000000
00000000000
00001000000
00011100000
00001010000
00000100000
00000000000
00000000000
00000000000
00000000000

11000000000
12000000000
00000000000
00011100000
00010000000
00010010000
00000100000
00000000000
00000000000
00000000000
00000000000

11000000000
12000000000
00001000000
00011000000
00110100000
00001000000
00000000000
00000000000
00000000000
00000000000
00000000000

11000000000
12000000000
00011000000
00100100000
00100100000
00011000000
00000000000
00000000000
00000000000
00000000000
00000000000

11000000000
10100000000
02111000000
01100100000
00100100000
00011000000
00000000000
00000000000
00000000000
00000000000
00000000000

11000000000
10100000000
20001000000
00000100000
01100100000
00011000000
00000000000
00000000000
00000000000
00000000000
00000000000

11000000000
10000000000
01000000000
02101100000
01110100000
00111000000
00000000000
00000000000
00000000000
00000000000
00000000000

11000000000
10100000000
01210000000
00001100000
01000100000
01001000000
00010000000
00000000000
00000000000
00000000000
00000000000

11000000000
10100000000
01010000000
00020100000
00110100000
00101000000
00000000000
00000000000
00000000000
00000000000
00000000000

11000000000
10100000000
01011000000
00020000000
00100100000
00101000000
00000000000
00000000000
00000000000
00000000000
00000000000

11000000000
10110000000
01110000000
00100100000
00002100000
00001100000
00000000000
00000000000
00000000000
00000000000
00000000000

11100000000
10010000000
00001000000
01000000000
00020110000
00001100000
00000000000
00000000000
00000000000
00000000000
00000000000

11100000000
10110000000
00000000000
00001000000
00002010000
00001010000
00000000000
00000000000
00000000000
00000000000
00000000000

10110000000
10110000000
00010000000
00000000000
00001010000
00000210000
00000100000
00000000000
00000000000
00000000000
00000000000

00110000000
00001000000
00110000000
00000000000
00000100000
00000011000
00000120000
00000000000
00000000000
00000000000
00000000000

00010000000
00001000000
00010000000
00000000000
00000010000
00000001000
00000121000
00000000000
00000000000
00000000000
00000000000

00000000000
00011000000
00000000000
00000000000
00000000000
00000101000
00000021000
00000010000
00000000000
00000000000
00000000000

00000000000
00000000000
00000000000
00000000000
00000000000
00000010000
00000001100
00000012000
00000000000
00000000000
00000000000

00000000000
00000000000
00000000000
00000000000
00000000000
00000001000
00000000100
00000012100
00000000000
00000000000
00000000000

00000000000
00000000000
00000000000
00000000000
00000000000
00000000000
00000010100
00000002100
00000001000
00000000000
00000000000

00000000000
00000000000
00000000000
00000000000
00000000000
00000000000
00000001000
00000000110
00000001200
00000000000
00000000000

00000000000
00000000000
00000000000
00000000000
00000000000
00000000000
00000000100
00000000010
00000001210
00000000000
00000000000

00000000000
00000000000
00000000000
00000000000
00000000000
00000000000
00000000000
00000001010
00000000210
00000000100
00000000000

00000000000
00000000000
00000000000
00000000000
00000000000
00000000000
00000000000
00000000100
00000000011
00000000120
00000000000

00000000000
00000000000
00000000000
00000000000
00000000000
00000000000
00000000000
00000000010
00000000001
00000000121
00000000000

00000000000
00000000000
00000000000
00000000000
00000000000
00000000000
00000000000
00000000000
00000000101
00000000021
00000000010

00000000000
00000000000
00000000000
00000000000
00000000000
00000000000
00000000000
00000000000
00000000010
00000000001
00000000012

Path Cost

27