GOAL FOUND!

Solution

(1,1) -> (1,1)
(1,1) -> (1,1)
(1,1) -> (1,1)
(1,1) -> (1,1)
(1,1) -> (2,1)
(2,1) -> (2,0)
(2,0) -> (2,1)
(2,1) -> (2,2)
(2,2) -> (2,3)
(2,3) -> (3,2)
(3,2) -> (3,3)
(3,3) -> (4,2)
(4,2) -> (5,1)
(5,1) -> (5,1)
(5,1) -> (6,0)
(6,0) -> (7,0)
(7,0) -> (8,0)
(8,0) -> (9,0)

Board States

1100000000
1200000000
0000000000
0001000000
0000110000
0000101000
0000010000
0000000000
0000000000
0000000000

1100000000
1200000000
0000000000
0000100000
0001110000
0000101000
0000010000
0000000000
0000000000
0000000000

1100000000
1200000000
0000000000
0001110000
0001000000
0001001000
0000010000
0000000000
0000000000
0000000000

1100000000
1200000000
0000100000
0001100000
0011010000
0000100000
0000000000
0000000000
0000000000
0000000000

1100000000
1200000000
0001100000
0010010000
0010010000
0001100000
0000000000
0000000000
0000000000
0000000000

1100000000
1021000000
0111100000
0010010000
0010010000
0001100000
0000000000
0000000000
0000000000
0000000000

1120000000
1000100000
0100100000
0000010000
0010010000
0001100000
0000000000
0000000000
0000000000
0000000000

1100000000
1021000000
0101110000
0000110000
0001010000
0001100000
0000000000
0000000000
0000000000
0000000000

1100000000
1001000000
0120010000
0000001000
0001010000
0001100000
0000000000
0000000000
0000000000
0000000000

1100000000
1010000000
0110000000
0020111000
0011010000
0001100000
0000000000
0000000000
0000000000
0000000000

1100000000
1001000000
0112110000
0100011000
0010001000
0011100000
0000000000
0000000000
0000000000
0000000000

1100000000
1001100000
1100011000
0102001000
0100001000
0011000000
0001000000
0000000000
0000000000
0000000000

1100000000
0011100000
1111201000
0110001100
0100000000
0011000000
0011000000
0000000000
0000000000
0000000000

0111100000
0000120000
1000001100
0001001100
0101000000
0101000000
0011000000
0000000000
0000000000
0000000000

0011110000
0110121000
0000100100
0010001100
0001100000
0101100000
0011000000
0000000000
0000000000
0000000000

0110102000
0110001100
0110000100
0000111100
0000110000
0000000000
0011100000
0000000000
0000000000
0000000000

0111001200
1000001110
0111000010
0001100100
0000100000
0000010000
0001000000
0001000000
0000000000
0000000000

0110001020
1000001011
0111101010
0000100000
0001110000
0000100000
0000100000
0000000000
0000000000
0000000000

0100000112
1000001011
0111100011
0000000000
0001010000
0000000000
0000000000
0000000000
0000000000
0000000000

Path Cost

18