GOAL FOUND!

Solution

(0,5) -> (0,4)
(0,4) -> (1,5)
(1,5) -> (2,4)
(2,4) -> (2,4)
(2,4) -> (3,4)
(3,4) -> (4,4)
(4,4) -> (4,4)
(4,4) -> (4,4)
(4,4) -> (4,4)
(4,4) -> (5,3)
(5,3) -> (6,3)
(6,3) -> (7,3)
(7,3) -> (7,3)
(7,3) -> (7,3)
(7,3) -> (8,4)
(8,4) -> (9,4)
(9,4) -> (9,4)
(9,4) -> (10,3)

Board States

01110001000
20001111100
01000110110
01000110111
00011110110
00000111100
00000001000

00111101100
10011000010
21000000001
11100000001
00000000001
00000000010
00000001100

01100100100
12000100110
00010000011
11100000011
01000000011
00000000110
00000000100

01000000110
00011000101
10210000000
10010000100
11100000000
00000000101
00000000110

00000000110
01011000100
01200000010
10010000000
11100000010
01000000100
00000000110

00000000110
00011000100
11020000000
10010000000
10100000000
11100000100
00000000110

00000000110
00011000110
11102000000
10110000000
10110000000
10100000110
01000000110

00000000110
01111000110
10002000000
10001000000
10000000000
10110000110
01000000110

00110000110
01111000110
10102100000
11000000000
10010000000
10100000110
01100000110

01001000110
00000100110
10002100000
10111000000
10100000000
10110000110
01100000110

00000000110
00001100110
01010110000
10111200000
10000000000
10010000110
01110000110

00000000110
00001111110
01000011000
10111020000
10101000000
10010000110
01110000110

00000110010
00000100010
01100000000
10101112000
10101000100
10001000110
01110000110

00000110000
00000110000
01111000000
10101112000
10001010110
10001001000
01110000110

00000110000
00110010000
01100001000
10100012100
10001000100
10101101000
01110000100

00000110000
01110110000
00000010200
10110000110
10001010100
10101101100
01111000000

00101110000
00101001000
00001111120
01010100110
10101010000
10100011100
01101100000

00001110000
00000000000
00100000020
01110000010
10101010010
10101011000
01110111000

00000100000
00000100000
01110000000
00000000012
10001011111
10001000100
01111101000

Path Cost

18