GOAL FOUND!

Solution

(1,3) -> (2,2)
(2,2) -> (1,2)
(1,2) -> (2,2)
(2,2) -> (3,3)
(3,3) -> (3,4)
(3,4) -> (3,4)
(3,4) -> (4,4)
(4,4) -> (5,3)

Board States

0001000
0010100
0001000
0200000
0001000
0010100
0001000

0001000
0010100
0001000
0011000
0021000
0010100
0001000

0001000
0010100
0000100
0001100
0200100
0010100
0001000

0001000
0000100
0000110
0000110
0020110
0010100
0001000

0000000
0001110
0000000
0002001
0000000
0000110
0001000

0000100
0001100
0002010
0000000
0000010
0000100
0000100

0001100
0001010
0002000
0000100
0000000
0000110
0000000

0011100
0001000
0000210
0000000
0000110
0000000
0000000

0011100
0011010
0000000
0000021
0000000
0000000
0000000

Path Cost

8